   1.0000000e+00   8.1550000e-01
   2.0000000e+00   8.1545000e-01
   3.0000000e+00   8.1496667e-01
   4.0000000e+00   8.1547500e-01
   5.0000000e+00   8.1546000e-01
   6.0000000e+00   8.1571667e-01
   7.0000000e+00   8.1565714e-01
   8.0000000e+00   8.1582500e-01
   9.0000000e+00   8.1587778e-01
   1.0000000e+01   8.1589000e-01
   1.1000000e+01   8.1587273e-01
   1.2000000e+01   8.1592500e-01
   1.3000000e+01   8.1590000e-01
   1.4000000e+01   8.1587857e-01
   1.5000000e+01   8.1591333e-01
   1.6000000e+01   8.1599375e-01
   1.7000000e+01   8.1593529e-01
   1.8000000e+01   8.1596111e-01
   1.9000000e+01   8.1595263e-01
   2.0000000e+01   8.1601500e-01
   2.1000000e+01   8.1604286e-01
   2.2000000e+01   8.1605000e-01
   2.3000000e+01   8.1603043e-01
   2.4000000e+01   8.1606667e-01
   2.5000000e+01   8.1608400e-01
   2.6000000e+01   8.1605000e-01
   2.7000000e+01   8.1609259e-01
   2.8000000e+01   8.1610000e-01
   2.9000000e+01   8.1609655e-01
   3.0000000e+01   8.1611667e-01
   3.1000000e+01   8.1609677e-01
   3.2000000e+01   8.1607187e-01
   3.3000000e+01   8.1609394e-01
   3.4000000e+01   8.1610882e-01
   3.5000000e+01   8.1606286e-01
   3.6000000e+01   8.1612778e-01
   3.7000000e+01   8.1614595e-01
   3.8000000e+01   8.1614211e-01
   3.9000000e+01   8.1613333e-01
   4.0000000e+01   8.1613250e-01
   4.1000000e+01   8.1611951e-01
   4.2000000e+01   8.1613571e-01
   4.3000000e+01   8.1611628e-01
   4.4000000e+01   8.1610909e-01
   4.5000000e+01   8.1609111e-01
   4.6000000e+01   8.1608478e-01
   4.7000000e+01   8.1609149e-01
   4.8000000e+01   8.1608333e-01
   4.9000000e+01   8.1610816e-01
   5.0000000e+01   8.1612200e-01
   5.1000000e+01   8.1610196e-01
   5.2000000e+01   8.1610385e-01
   5.3000000e+01   8.1610000e-01
   5.4000000e+01   8.1609444e-01
   5.5000000e+01   8.1610909e-01
   5.6000000e+01   8.1609107e-01
   5.7000000e+01   8.1609298e-01
   5.8000000e+01   8.1613103e-01
   5.9000000e+01   8.1612881e-01
   6.0000000e+01   8.1611667e-01
   6.1000000e+01   8.1612787e-01
   6.2000000e+01   8.1611613e-01
   6.3000000e+01   8.1611587e-01
   6.4000000e+01   8.1613125e-01
   6.5000000e+01   8.1612769e-01
   6.6000000e+01   8.1612121e-01
   6.7000000e+01   8.1612090e-01
   6.8000000e+01   8.1611176e-01
   6.9000000e+01   8.1611014e-01
   7.0000000e+01   8.1609857e-01
   7.1000000e+01   8.1610423e-01
   7.2000000e+01   8.1609583e-01
   7.3000000e+01   8.1608904e-01
   7.4000000e+01   8.1610541e-01
   7.5000000e+01   8.1612000e-01
   7.6000000e+01   8.1610658e-01
   7.7000000e+01   8.1613117e-01
   7.8000000e+01   8.1613718e-01
   7.9000000e+01   8.1613165e-01
   8.0000000e+01   8.1612500e-01
   8.1000000e+01   8.1613580e-01
   8.2000000e+01   8.1612195e-01
   8.3000000e+01   8.1613253e-01
   8.4000000e+01   8.1613929e-01
   8.5000000e+01   8.1612824e-01
   8.6000000e+01   8.1612326e-01
   8.7000000e+01   8.1612989e-01
   8.8000000e+01   8.1612614e-01
   8.1000000e+01   8.1611236e-01
   9.0000000e+01   8.1610667e-01
   9.1000000e+01   8.1609890e-01
   9.2000000e+01   8.1609565e-01
   9.3000000e+01   8.1609892e-01
   9.4000000e+01   8.1611170e-01
   9.5000000e+01   8.1611789e-01
   9.6000000e+01   8.1612292e-01
   9.7000000e+01   8.1612268e-01
   9.8000000e+01   8.1611531e-01
   9.9000000e+01   8.1611919e-01
   1.0000000e+02   8.1610700e-01
   1.0100000e+02   8.1610792e-01
   1.0200000e+02   8.1610392e-01
   1.0300000e+02   8.1609709e-01
   1.0400000e+02   8.1607885e-01
   1.0500000e+02   8.1607048e-01
   1.0600000e+02   8.1605377e-01
   1.0700000e+02   8.1605981e-01
   1.0800000e+02   8.1606667e-01
   1.0900000e+02   8.1607431e-01
   1.1000000e+02   8.1606455e-01
   1.1100000e+02   8.1605405e-01
   1.1200000e+02   8.1604821e-01
   1.1300000e+02   8.1605310e-01
   1.1400000e+02   8.1603947e-01
   1.1500000e+02   8.1603826e-01
   1.1600000e+02   8.1603017e-01
   1.1700000e+02   8.1603846e-01
   1.1800000e+02   8.1603475e-01
   1.1900000e+02   8.1603193e-01
   1.2000000e+02   8.1603000e-01
   1.2100000e+02   8.1603223e-01
   1.2200000e+02   8.1603361e-01
   1.2300000e+02   8.1602846e-01
   1.2400000e+02   8.1601774e-01
   1.2500000e+02   8.1601520e-01
   1.2600000e+02   8.1601429e-01
   1.2700000e+02   8.1601732e-01
   1.2800000e+02   8.1601406e-01
   1.2900000e+02   8.1601395e-01
   1.3000000e+02   8.1601308e-01
   1.3100000e+02   8.1600840e-01
   1.3200000e+02   8.1600379e-01
   1.3300000e+02   8.1600451e-01
   1.3400000e+02   8.1601418e-01
   1.3500000e+02   8.1600519e-01
   1.3600000e+02   8.1601324e-01
   1.3700000e+02   8.1601460e-01
   1.3800000e+02   8.1601739e-01
   1.3900000e+02   8.1601511e-01
   1.4000000e+02   8.1601071e-01
   1.4100000e+02   8.1599716e-01
   1.4200000e+02   8.1599859e-01
   1.4300000e+02   8.1600140e-01
   1.4400000e+02   8.1601111e-01
   1.4500000e+02   8.1601724e-01
   1.4600000e+02   8.1602123e-01
   1.4700000e+02   8.1602449e-01
   1.4800000e+02   8.1602027e-01
   1.4900000e+02   8.1601946e-01
   1.5000000e+02   8.1602000e-01
   1.5100000e+02   8.1602583e-01
   1.5200000e+02   8.1602632e-01
   1.5300000e+02   8.1603007e-01
   1.5400000e+02   8.1602662e-01
   1.5500000e+02   8.1601806e-01
   1.5600000e+02   8.1601667e-01
   1.5700000e+02   8.1600191e-01
   1.5800000e+02   8.1600380e-01
   1.5900000e+02   8.1600252e-01
   1.6000000e+02   8.1600375e-01
   1.6100000e+02   8.1600870e-01
   1.6200000e+02   8.1600247e-01
   1.6300000e+02   8.1600552e-01
   1.6400000e+02   8.1600183e-01
   1.6500000e+02   8.1600242e-01
   1.6600000e+02   8.1600422e-01
   1.6700000e+02   8.1599701e-01
   1.6800000e+02   8.1598690e-01
   1.6900000e+02   8.1598462e-01
   1.7000000e+02   8.1599000e-01
   1.7100000e+02   8.1599357e-01
   1.7200000e+02   8.1598837e-01
   1.7300000e+02   8.1597861e-01
   1.7400000e+02   8.1598276e-01
   1.7500000e+02   8.1597714e-01
   1.7600000e+02   8.1597955e-01
   1.7700000e+02   8.1598418e-01
   1.7800000e+02   8.1598708e-01
   1.7900000e+02   8.1598827e-01
   1.8000000e+02   8.1599000e-01
   1.8100000e+02   8.1599061e-01
   1.8200000e+02   8.1598626e-01
   1.8300000e+02   8.1598689e-01
   1.8400000e+02   8.1598587e-01
   1.8500000e+02   8.1598108e-01
   1.8600000e+02   8.1598280e-01
   1.8700000e+02   8.1597647e-01
   1.8800000e+02   8.1598032e-01
   1.8900000e+02   8.1597249e-01
   1.9000000e+02   8.1596947e-01
   1.9100000e+02   8.1597120e-01
   1.9200000e+02   8.1596354e-01
   1.9300000e+02   8.1596269e-01
   1.9400000e+02   8.1597165e-01
   1.9500000e+02   8.1596923e-01
   1.9600000e+02   8.1597449e-01
   1.9700000e+02   8.1596904e-01
   1.9800000e+02   8.1597273e-01
   1.9900000e+02   8.1597739e-01
   2.0000000e+02   8.1597850e-01
   2.0100000e+02   8.1597662e-01
   2.0200000e+02   8.1597822e-01
   2.0300000e+02   8.1597488e-01
   2.0400000e+02   8.1597255e-01
   2.0500000e+02   8.1596976e-01
   2.0600000e+02   8.1597427e-01
   2.0700000e+02   8.1597440e-01
   2.0800000e+02   8.1596875e-01
   2.0900000e+02   8.1597033e-01
   2.1000000e+02   8.1596667e-01
   2.1100000e+02   8.1596730e-01
   2.1200000e+02   8.1596934e-01
   2.1300000e+02   8.1596197e-01
   2.1400000e+02   8.1595981e-01
   2.1500000e+02   8.1595163e-01
   2.1600000e+02   8.1594306e-01
   2.1700000e+02   8.1594009e-01
   2.1800000e+02   8.1594495e-01
   2.1900000e+02   8.1595068e-01
   2.2000000e+02   8.1594818e-01
   2.2100000e+02   8.1595113e-01
   2.2200000e+02   8.1595270e-01
   2.2300000e+02   8.1595112e-01
   2.2400000e+02   8.1595491e-01
   2.2500000e+02   8.1596356e-01
   2.2600000e+02   8.1596062e-01
   2.2700000e+02   8.1595947e-01
   2.2800000e+02   8.1595482e-01
   2.2900000e+02   8.1594934e-01
   2.3000000e+02   8.1594783e-01
   2.3100000e+02   8.1594156e-01
   2.3200000e+02   8.1593966e-01
   2.3300000e+02   8.1593777e-01
   2.3400000e+02   8.1593889e-01
   2.3500000e+02   8.1593787e-01
   2.3600000e+02   8.1593475e-01
   2.3700000e+02   8.1593586e-01
   2.3800000e+02   8.1594034e-01
   2.3900000e+02   8.1594142e-01
   2.4000000e+02   8.1593833e-01
   2.4100000e+02   8.1593734e-01
   2.4200000e+02   8.1593760e-01
   2.4300000e+02   8.1593827e-01
   2.4400000e+02   8.1593975e-01
   2.4500000e+02   8.1593551e-01
   2.4600000e+02   8.1593740e-01
   2.4700000e+02   8.1593968e-01
   2.4800000e+02   8.1593911e-01
   2.4900000e+02   8.1594016e-01
   2.5000000e+02   8.1595000e-01
   2.5100000e+02   8.1594940e-01
   2.5200000e+02   8.1595198e-01
   2.5300000e+02   8.1595257e-01
   2.5400000e+02   8.1595315e-01
   2.5500000e+02   8.1596000e-01
   2.5600000e+02   8.1596094e-01
   2.5700000e+02   8.1596109e-01
   2.5800000e+02   8.1596395e-01
   2.5900000e+02   8.1596641e-01
   2.6000000e+02   8.1596654e-01
   2.6100000e+02   8.1596513e-01
   2.6200000e+02   8.1596527e-01
   2.6300000e+02   8.1596578e-01
   2.6400000e+02   8.1597083e-01
   2.6500000e+02   8.1596717e-01
   2.6600000e+02   8.1596541e-01
   2.6700000e+02   8.1596030e-01
   2.6800000e+02   8.1595672e-01
   2.6900000e+02   8.1595576e-01
   2.7000000e+02   8.1595111e-01
   2.7100000e+02   8.1594945e-01
   2.7200000e+02   8.1594890e-01
   2.7300000e+02   8.1595421e-01
   2.7400000e+02   8.1595693e-01
   2.7500000e+02   8.1595709e-01
   2.7600000e+02   8.1595616e-01
   2.7700000e+02   8.1595487e-01
   2.7800000e+02   8.1595252e-01
   2.7900000e+02   8.1595054e-01
   2.8000000e+02   8.1595071e-01
   2.8100000e+02   8.1594947e-01
   2.8200000e+02   8.1595319e-01
   2.8300000e+02   8.1594912e-01
   2.8400000e+02   8.1595106e-01
   2.8500000e+02   8.1595298e-01
   2.8600000e+02   8.1595699e-01
   2.8700000e+02   8.1595854e-01
   2.8800000e+02   8.1596042e-01
   2.8900000e+02   8.1596471e-01
   2.9000000e+02   8.1596483e-01
   2.9100000e+02   8.1596770e-01
   2.9200000e+02   8.1597089e-01
   2.9300000e+02   8.1597304e-01
   2.9400000e+02   8.1597517e-01
   2.9500000e+02   8.1597288e-01
   2.9600000e+02   8.1597297e-01
   2.9700000e+02   8.1597508e-01
   2.9800000e+02   8.1597416e-01
   2.9900000e+02   8.1597559e-01
   3.0000000e+02   8.1597467e-01
   3.0100000e+02   8.1597209e-01
   3.0200000e+02   8.1597715e-01
   3.0300000e+02   8.1597360e-01
   3.0400000e+02   8.1597204e-01
   3.0500000e+02   8.1596689e-01
   3.0600000e+02   8.1596634e-01
   3.0700000e+02   8.1597101e-01
   3.0800000e+02   8.1597370e-01
   3.0900000e+02   8.1597540e-01
   3.1000000e+02   8.1597935e-01
   3.1100000e+02   8.1598006e-01
   3.1200000e+02   8.1598301e-01
   3.1300000e+02   8.1598466e-01
   3.1400000e+02   8.1598631e-01
   3.1500000e+02   8.1598667e-01
   3.1600000e+02   8.1598861e-01
   3.1700000e+02   8.1599369e-01
   3.1800000e+02   8.1599654e-01
   3.1900000e+02   8.1599467e-01
   3.2000000e+02   8.1599406e-01
   3.2100000e+02   8.1599408e-01
   3.2200000e+02   8.1599534e-01
   3.2300000e+02   8.1599659e-01
   3.2400000e+02   8.1599691e-01
   3.2500000e+02   8.1600062e-01
   3.2600000e+02   8.1600184e-01
   3.2700000e+02   8.1600489e-01
   3.2800000e+02   8.1600427e-01
   3.2900000e+02   8.1600486e-01
   3.3000000e+02   8.1600364e-01
   3.3100000e+02   8.1600242e-01
   3.3200000e+02   8.1600271e-01
   3.3300000e+02   8.1600601e-01
   3.3400000e+02   8.1600749e-01
   3.3500000e+02   8.1600836e-01
   3.3600000e+02   8.1600685e-01
   3.3700000e+02   8.1600415e-01
   3.3800000e+02   8.1600325e-01
   3.3900000e+02   8.1600324e-01
   3.4000000e+02   8.1600382e-01
   3.4100000e+02   8.1600117e-01
   3.4200000e+02   8.1600234e-01
   3.4300000e+02   8.1600087e-01
   3.4400000e+02   8.1600407e-01
   3.4500000e+02   8.1600522e-01
   3.4600000e+02   8.1600405e-01
   3.4700000e+02   8.1600692e-01
   3.4800000e+02   8.1600690e-01
   3.4900000e+02   8.1600716e-01
   3.5000000e+02   8.1600629e-01
   3.5100000e+02   8.1600342e-01
   3.5200000e+02   8.1600313e-01
   3.5300000e+02   8.1600170e-01
   3.5400000e+02   8.1600367e-01
   3.5500000e+02   8.1600451e-01
   3.5600000e+02   8.1599972e-01
   3.5700000e+02   8.1599916e-01
   3.5800000e+02   8.1600000e-01
   3.5900000e+02   8.1600056e-01
   3.6000000e+02   8.1600222e-01
   3.6100000e+02   8.1600859e-01
   3.6200000e+02   8.1601243e-01
   3.6300000e+02   8.1601846e-01
   3.6400000e+02   8.1601951e-01
   3.6500000e+02   8.1601945e-01
   3.6600000e+02   8.1602049e-01
   3.6700000e+02   8.1602044e-01
   3.6800000e+02   8.1602092e-01
   3.6900000e+02   8.1602005e-01
   3.7000000e+02   8.1601811e-01
   3.7100000e+02   8.1601914e-01
   3.7200000e+02   8.1601909e-01
   3.7300000e+02   8.1601743e-01
   3.7400000e+02   8.1601765e-01
   3.7500000e+02   8.1601707e-01
   3.7600000e+02   8.1601835e-01
   3.7700000e+02   8.1602069e-01
   3.7800000e+02   8.1602143e-01
   3.7900000e+02   8.1602032e-01
   3.8000000e+02   8.1601711e-01
   3.8100000e+02   8.1601207e-01
   3.8200000e+02   8.1601440e-01
   3.8300000e+02   8.1601593e-01
   3.8400000e+02   8.1601589e-01
   3.8500000e+02   8.1601714e-01
   3.8600000e+02   8.1601788e-01
   3.8700000e+02   8.1601576e-01
   3.8800000e+02   8.1601314e-01
   3.8900000e+02   8.1601028e-01
   3.9000000e+02   8.1600795e-01
   3.9100000e+02   8.1600870e-01
   3.9200000e+02   8.1600918e-01
   3.9300000e+02   8.1601018e-01
   3.9400000e+02   8.1600736e-01
   3.9500000e+02   8.1600861e-01
   3.9600000e+02   8.1601010e-01
   3.9700000e+02   8.1601108e-01
   3.9800000e+02   8.1601357e-01
   3.9900000e+02   8.1601303e-01
   4.0000000e+02   8.1601350e-01
   4.0100000e+02   8.1601047e-01
   4.0200000e+02   8.1600721e-01
   4.0300000e+02   8.1600645e-01
   4.0400000e+02   8.1600767e-01
   4.0500000e+02   8.1600914e-01
   4.0600000e+02   8.1600739e-01
   4.0700000e+02   8.1600393e-01
   4.0800000e+02   8.1600515e-01
   4.0900000e+02   8.1600293e-01
   4.1000000e+02   8.1600171e-01
   4.1100000e+02   8.1600243e-01
   4.1200000e+02   8.1600461e-01
   4.1300000e+02   8.1600218e-01
   4.1400000e+02   8.1600411e-01
   4.1500000e+02   8.1600458e-01
   4.1600000e+02   8.1600168e-01
   4.1700000e+02   8.1600216e-01
   4.1800000e+02   8.1600263e-01
   4.1900000e+02   8.1600430e-01
   4.2000000e+02   8.1600286e-01
   4.2100000e+02   8.1600333e-01
   4.2200000e+02   8.1600403e-01
   4.2300000e+02   8.1600355e-01
   4.2400000e+02   8.1600401e-01
   4.2500000e+02   8.1600753e-01
   4.2600000e+02   8.1600681e-01
   4.2700000e+02   8.1600515e-01
   4.2800000e+02   8.1600771e-01
   4.2900000e+02   8.1600629e-01
   4.3000000e+02   8.1600698e-01
   4.3100000e+02   8.1601044e-01
   4.3200000e+02   8.1600995e-01
   4.3300000e+02   8.1600924e-01
   4.3400000e+02   8.1601106e-01
   4.3500000e+02   8.1601241e-01
   4.3600000e+02   8.1601422e-01
   4.3700000e+02   8.1601281e-01
   4.3800000e+02   8.1601461e-01
   4.3900000e+02   8.1601412e-01
   4.4000000e+02   8.1601318e-01
   4.4100000e+02   8.1601451e-01
   4.4200000e+02   8.1601561e-01
   4.4300000e+02   8.1601490e-01
   4.4400000e+02   8.1601554e-01
   4.4500000e+02   8.1601461e-01
   4.4600000e+02   8.1601435e-01
   4.4700000e+02   8.1601588e-01
   4.4800000e+02   8.1601607e-01
   4.4900000e+02   8.1601581e-01
   4.5000000e+02   8.1601622e-01
   4.5100000e+02   8.1601596e-01
   4.5200000e+02   8.1601527e-01
   4.5300000e+02   8.1601435e-01
   4.5400000e+02   8.1601762e-01
   4.5500000e+02   8.1601714e-01
   4.5600000e+02   8.1602018e-01
   4.5700000e+02   8.1602079e-01
   4.5800000e+02   8.1602336e-01
   4.5900000e+02   8.1602070e-01
   4.6000000e+02   8.1602239e-01
   4.6100000e+02   8.1602213e-01
   4.6200000e+02   8.1602381e-01
   4.6300000e+02   8.1602117e-01
   4.6400000e+02   8.1601940e-01
   4.6500000e+02   8.1602172e-01
   4.6600000e+02   8.1602253e-01
   4.6700000e+02   8.1602355e-01
   4.6800000e+02   8.1602415e-01
   4.6900000e+02   8.1602623e-01
   4.7000000e+02   8.1602574e-01
   4.7100000e+02   8.1602739e-01
   4.7200000e+02   8.1602818e-01
   4.7300000e+02   8.1602875e-01
   4.7400000e+02   8.1602637e-01
   4.7500000e+02   8.1602947e-01
   4.7600000e+02   8.1603004e-01
   4.7700000e+02   8.1602935e-01
   4.7800000e+02   8.1602845e-01
   4.7900000e+02   8.1602818e-01
   4.8000000e+02   8.1602771e-01
   4.8100000e+02   8.1602495e-01
   4.8200000e+02   8.1602531e-01
   4.8300000e+02   8.1602733e-01
   4.8400000e+02   8.1602851e-01
   4.8500000e+02   8.1602928e-01
   4.8600000e+02   8.1603066e-01
   4.8700000e+02   8.1602936e-01
   4.8800000e+02   8.1603115e-01
   4.8900000e+02   8.1603313e-01
   4.9000000e+02   8.1603408e-01
   4.9100000e+02   8.1603279e-01
   4.9200000e+02   8.1603171e-01
   4.9300000e+02   8.1603144e-01
   4.9400000e+02   8.1603441e-01
   4.9500000e+02   8.1603636e-01
   4.9600000e+02   8.1603810e-01
   4.9700000e+02   8.1603722e-01
   4.9800000e+02   8.1603695e-01
   4.9900000e+02   8.1603587e-01
   5.0000000e+02   8.1603560e-01
   5.0100000e+02   8.1603593e-01
   5.0200000e+02   8.1603546e-01
   5.0300000e+02   8.1603698e-01
   5.0400000e+02   8.1603889e-01
   5.0500000e+02   8.1603644e-01
   5.0600000e+02   8.1603577e-01
   5.0700000e+02   8.1603688e-01
   5.0800000e+02   8.1603622e-01
   5.0900000e+02   8.1603536e-01
   5.1000000e+02   8.1603431e-01
   5.1100000e+02   8.1603366e-01
   5.1200000e+02   8.1603281e-01
   5.1300000e+02   8.1603275e-01
   5.1400000e+02   8.1603502e-01
   5.1500000e+02   8.1603398e-01
   5.1600000e+02   8.1603605e-01
   5.1700000e+02   8.1603791e-01
   5.1800000e+02   8.1604093e-01
   5.1900000e+02   8.1604085e-01
   5.2000000e+02   8.1604058e-01
   5.2100000e+02   8.1604242e-01
   5.2200000e+02   8.1604138e-01
   5.2300000e+02   8.1604207e-01
   5.2400000e+02   8.1604370e-01
   5.2500000e+02   8.1604267e-01
   5.2600000e+02   8.1604278e-01
   5.2700000e+02   8.1604573e-01
   5.2800000e+02   8.1604470e-01
   5.2900000e+02   8.1604575e-01
   5.3000000e+02   8.1604679e-01
   5.3100000e+02   8.1604821e-01
   5.3200000e+02   8.1604605e-01
   5.3300000e+02   8.1604390e-01
   5.3400000e+02   8.1604157e-01
   5.3500000e+02   8.1603981e-01
   5.3600000e+02   8.1604049e-01
   5.3700000e+02   8.1604264e-01
   5.3800000e+02   8.1604387e-01
   5.3900000e+02   8.1604397e-01
   5.4000000e+02   8.1604352e-01
   5.4100000e+02   8.1604344e-01
   5.4200000e+02   8.1604428e-01
   5.4300000e+02   8.1604825e-01
   5.4400000e+02   8.1605129e-01
   5.4500000e+02   8.1605138e-01
   5.4600000e+02   8.1605330e-01
   5.4700000e+02   8.1605448e-01
   5.4800000e+02   8.1605474e-01
   5.4900000e+02   8.1605719e-01
   5.5000000e+02   8.1605855e-01
   5.5100000e+02   8.1606025e-01
   5.5200000e+02   8.1606033e-01
   5.5300000e+02   8.1605877e-01
   5.5400000e+02   8.1606137e-01
   5.5500000e+02   8.1606072e-01
   5.5600000e+02   8.1605899e-01
   5.5700000e+02   8.1606176e-01
   5.5800000e+02   8.1606093e-01
   5.5900000e+02   8.1606243e-01
   5.6000000e+02   8.1606107e-01
   5.6100000e+02   8.1605936e-01
   5.6200000e+02   8.1605854e-01
   5.6300000e+02   8.1605844e-01
   5.6400000e+02   8.1605922e-01
   5.6500000e+02   8.1605788e-01
   5.6600000e+02   8.1605989e-01
   5.6700000e+02   8.1606049e-01
   5.6800000e+02   8.1606074e-01
   5.6900000e+02   8.1606028e-01
   5.7000000e+02   8.1606123e-01
   5.7100000e+02   8.1606112e-01
   5.7200000e+02   8.1606171e-01
   5.7300000e+02   8.1606230e-01
   5.7400000e+02   8.1606324e-01
   5.7500000e+02   8.1606174e-01
   5.7600000e+02   8.1606215e-01
   5.7700000e+02   8.1606066e-01
   5.7800000e+02   8.1606211e-01
   5.7900000e+02   8.1606200e-01
   5.8000000e+02   8.1606103e-01
   5.8100000e+02   8.1605972e-01
   5.8200000e+02   8.1605945e-01
   5.8300000e+02   8.1605883e-01
   5.8400000e+02   8.1605873e-01
   5.8500000e+02   8.1605846e-01
   5.8600000e+02   8.1605956e-01
   5.8700000e+02   8.1606235e-01
   5.8800000e+02   8.1606088e-01
   5.8900000e+02   8.1606129e-01
   5.9000000e+02   8.1606051e-01
   5.9100000e+02   8.1606142e-01
   5.9200000e+02   8.1606132e-01
   5.9300000e+02   8.1606239e-01
   5.9400000e+02   8.1606212e-01
   5.9500000e+02   8.1606118e-01
   5.9600000e+02   8.1606258e-01
   5.9700000e+02   8.1606198e-01
   5.9800000e+02   8.1606087e-01
   5.9900000e+02   8.1605993e-01
   6.0000000e+02   8.1606150e-01
   6.0100000e+02   8.1606240e-01
   6.0200000e+02   8.1606080e-01
   6.0300000e+02   8.1605920e-01
   6.0400000e+02   8.1606026e-01
   6.0500000e+02   8.1606000e-01
   6.0600000e+02   8.1606023e-01
   6.0700000e+02   8.1606063e-01
   6.0800000e+02   8.1606069e-01
   6.0900000e+02   8.1606223e-01
   6.1000000e+02   8.1606344e-01
   6.1100000e+02   8.1606236e-01
   6.1200000e+02   8.1606389e-01
   6.1300000e+02   8.1606362e-01
   6.1400000e+02   8.1606531e-01
   6.1500000e+02   8.1606472e-01
   6.1600000e+02   8.1606607e-01
   6.1700000e+02   8.1606645e-01
   6.1800000e+02   8.1606375e-01
   6.1900000e+02   8.1606333e-01
   6.2000000e+02   8.1606323e-01
   6.2100000e+02   8.1606264e-01
   6.2200000e+02   8.1606109e-01
   6.2300000e+02   8.1605859e-01
   6.2400000e+02   8.1605962e-01
   6.2500000e+02   8.1605952e-01
   6.2600000e+02   8.1606086e-01
   6.2700000e+02   8.1606013e-01
   6.2800000e+02   8.1606115e-01
   6.2900000e+02   8.1606105e-01
   6.3000000e+02   8.1606063e-01
   6.3100000e+02   8.1606276e-01
   6.3200000e+02   8.1606218e-01
   6.3300000e+02   8.1606272e-01
   6.3400000e+02   8.1606262e-01
   6.3500000e+02   8.1606409e-01
   6.3600000e+02   8.1606447e-01
   6.3700000e+02   8.1606499e-01
   6.3800000e+02   8.1606489e-01
   6.3900000e+02   8.1606588e-01
   6.4000000e+02   8.1606781e-01
   6.4100000e+02   8.1606817e-01
   6.4200000e+02   8.1606807e-01
   6.4300000e+02   8.1606905e-01
   6.4400000e+02   8.1606988e-01
   6.4500000e+02   8.1606868e-01
   6.4600000e+02   8.1606997e-01
   6.4700000e+02   8.1607048e-01
   6.4800000e+02   8.1606883e-01
   6.4900000e+02   8.1606872e-01
   6.5000000e+02   8.1606815e-01
   6.5100000e+02   8.1606713e-01
   6.5200000e+02   8.1606794e-01
   6.5300000e+02   8.1606876e-01
   6.5400000e+02   8.1606957e-01
   6.5500000e+02   8.1607023e-01
   6.5600000e+02   8.1606799e-01
   6.5700000e+02   8.1606804e-01
   6.5800000e+02   8.1606824e-01
   6.5900000e+02   8.1606737e-01
   6.6000000e+02   8.1606712e-01
   6.6100000e+02   8.1606929e-01
   6.6200000e+02   8.1606858e-01
   6.6300000e+02   8.1606606e-01
   6.6400000e+02   8.1606611e-01
   6.6500000e+02   8.1606571e-01
   6.6600000e+02   8.1606562e-01
   6.6700000e+02   8.1606687e-01
   6.6800000e+02   8.1606886e-01
   6.6900000e+02   8.1606786e-01
   6.7000000e+02   8.1606731e-01
   6.7100000e+02   8.1607079e-01
   6.7200000e+02   8.1607009e-01
   6.7300000e+02   8.1607088e-01
   6.7400000e+02   8.1607196e-01
   6.7500000e+02   8.1607141e-01
   6.7600000e+02   8.1606938e-01
   6.7700000e+02   8.1606972e-01
   6.7800000e+02   8.1606829e-01
   6.7900000e+02   8.1606834e-01
   6.8000000e+02   8.1606809e-01
   6.8100000e+02   8.1606608e-01
   6.8200000e+02   8.1606730e-01
   6.8300000e+02   8.1606925e-01
   6.8400000e+02   8.1607076e-01
   6.8500000e+02   8.1607080e-01
   6.8600000e+02   8.1607128e-01
   6.8700000e+02   8.1607191e-01
   6.8800000e+02   8.1607253e-01
   6.8900000e+02   8.1607271e-01
   6.9000000e+02   8.1607391e-01
   6.9100000e+02   8.1607511e-01
   6.9200000e+02   8.1607514e-01
   6.9300000e+02   8.1607446e-01
   6.9400000e+02   8.1607305e-01
   6.9500000e+02   8.1607223e-01
   6.9600000e+02   8.1607270e-01
   6.9700000e+02   8.1607088e-01
   6.9800000e+02   8.1607077e-01
   6.9900000e+02   8.1606938e-01
   7.0000000e+02   8.1607086e-01
   7.0100000e+02   8.1607261e-01
   7.0200000e+02   8.1607279e-01
   7.0300000e+02   8.1607226e-01
   7.0400000e+02   8.1607315e-01
   7.0500000e+02   8.1607333e-01
   7.0600000e+02   8.1607295e-01
   7.0700000e+02   8.1607313e-01
   7.0800000e+02   8.1607542e-01
   7.0900000e+02   8.1607588e-01
   7.1000000e+02   8.1607690e-01
   7.1100000e+02   8.1607848e-01
   7.1200000e+02   8.1608034e-01
   7.1300000e+02   8.1608121e-01
   7.1400000e+02   8.1607983e-01
   7.1500000e+02   8.1607944e-01
   7.1600000e+02   8.1607919e-01
   7.1700000e+02   8.1607964e-01
   7.1800000e+02   8.1607925e-01
   7.1900000e+02   8.1608220e-01
   7.2000000e+02   8.1608264e-01
   7.2100000e+02   8.1608225e-01
   7.2200000e+02   8.1608366e-01
   7.2300000e+02   8.1608299e-01
   7.2400000e+02   8.1608398e-01
   7.2500000e+02   8.1608566e-01
   7.2600000e+02   8.1608719e-01
   7.2700000e+02   8.1608652e-01
   7.2800000e+02   8.1608901e-01
   7.2900000e+02   8.1608861e-01
   7.3000000e+02   8.1608740e-01
   7.3100000e+02   8.1608824e-01
   7.3200000e+02   8.1608620e-01
   7.3300000e+02   8.1608499e-01
   7.3400000e+02   8.1608488e-01
   7.3500000e+02   8.1608667e-01
   7.3600000e+02   8.1608777e-01
   7.3700000e+02   8.1608887e-01
   7.3800000e+02   8.1608997e-01
   7.3900000e+02   8.1609012e-01
   7.4000000e+02   8.1609027e-01
   7.4100000e+02   8.1609082e-01
   7.4200000e+02   8.1609030e-01
   7.4300000e+02   8.1608869e-01
   7.4400000e+02   8.1609099e-01
   7.4500000e+02   8.1609248e-01
   7.4600000e+02   8.1609316e-01
   7.4700000e+02   8.1609384e-01
   7.4800000e+02   8.1609452e-01
   7.4900000e+02   8.1609506e-01
   7.5000000e+02   8.1609720e-01
   7.5100000e+02   8.1609654e-01
   7.5200000e+02   8.1609574e-01
   7.5300000e+02   8.1609376e-01
   7.5400000e+02   8.1609271e-01
   7.5500000e+02   8.1609285e-01
   7.5600000e+02   8.1609418e-01
   7.5700000e+02   8.1609577e-01
   7.5800000e+02   8.1609485e-01
   7.5900000e+02   8.1609460e-01
   7.6000000e+02   8.1609329e-01
   7.6100000e+02   8.1609277e-01
   7.6200000e+02   8.1609147e-01
   7.6300000e+02   8.1609135e-01
   7.6400000e+02   8.1609175e-01
   7.6500000e+02   8.1609320e-01
   7.6600000e+02   8.1609230e-01
   7.6700000e+02   8.1609192e-01
   7.6800000e+02   8.1609310e-01
   7.6900000e+02   8.1609454e-01
   7.7000000e+02   8.1609429e-01
   7.7100000e+02   8.1609611e-01
   7.7200000e+02   8.1609741e-01
   7.7300000e+02   8.1609767e-01
   7.7400000e+02   8.1609974e-01
   7.7500000e+02   8.1610039e-01
   7.7600000e+02   8.1609910e-01
   7.7700000e+02   8.1610000e-01
   7.7800000e+02   8.1609833e-01
   7.7900000e+02   8.1609872e-01
   7.8000000e+02   8.1609859e-01
   7.8100000e+02   8.1610051e-01
   7.8200000e+02   8.1610000e-01
   7.8300000e+02   8.1610153e-01
   7.8400000e+02   8.1610140e-01
   7.8500000e+02   8.1610140e-01
   7.8600000e+02   8.1610204e-01
   7.8700000e+02   8.1610241e-01
   7.8800000e+02   8.1610241e-01
   7.8900000e+02   8.1610355e-01
   7.9000000e+02   8.1610316e-01
   7.9100000e+02   8.1610303e-01
   7.9200000e+02   8.1610391e-01
   7.9300000e+02   8.1610530e-01
   7.9400000e+02   8.1610453e-01
   7.9500000e+02   8.1610566e-01
   7.9600000e+02   8.1610704e-01
   7.9700000e+02   8.1610740e-01
   7.9800000e+02   8.1610777e-01
   7.9900000e+02   8.1610788e-01
   8.0000000e+02   8.1610762e-01
   8.0100000e+02   8.1610774e-01
   8.0200000e+02   8.1610686e-01
   8.0300000e+02   8.1610722e-01
   8.0400000e+02   8.1610821e-01
   8.0500000e+02   8.1610882e-01
   8.0600000e+02   8.1610794e-01
   8.0700000e+02   8.1610942e-01
   8.0800000e+02   8.1611126e-01
   8.0900000e+02   8.1611051e-01
   8.1000000e+02   8.1610975e-01
   8.1100000e+02   8.1611048e-01
   8.1200000e+02   8.1611121e-01
   8.1300000e+02   8.1611193e-01
   8.1400000e+02   8.1611216e-01
   8.1500000e+02   8.1611141e-01
   8.1600000e+02   8.1611275e-01
   8.1700000e+02   8.1611261e-01
   8.1800000e+02   8.1611308e-01
   8.1900000e+02   8.1611368e-01
   8.2000000e+02   8.1611500e-01
   8.2100000e+02   8.1611389e-01
   8.2200000e+02   8.1611521e-01
   8.2300000e+02   8.1611543e-01
   8.2400000e+02   8.1611566e-01
   8.2500000e+02   8.1611539e-01
   8.2600000e+02   8.1611586e-01
   8.2700000e+02   8.1611717e-01
   8.2800000e+02   8.1611727e-01
   8.2900000e+02   8.1611821e-01
   8.3000000e+02   8.1611880e-01
   8.3100000e+02   8.1611769e-01
   8.3200000e+02   8.1611791e-01
   8.3300000e+02   8.1612005e-01
   8.3400000e+02   8.1611930e-01
   8.3500000e+02   8.1611964e-01
   8.3600000e+02   8.1611878e-01
   8.3700000e+02   8.1611780e-01
   8.3800000e+02   8.1611862e-01
   8.3900000e+02   8.1611716e-01
   8.4000000e+02   8.1611738e-01
   8.4100000e+02   8.1611677e-01
   8.4200000e+02   8.1611675e-01
   8.4300000e+02   8.1611661e-01
   8.4400000e+02   8.1611754e-01
   8.4500000e+02   8.1611692e-01
   8.4600000e+02   8.1611856e-01
   8.4700000e+02   8.1611877e-01
   8.4800000e+02   8.1612087e-01
   8.4900000e+02   8.1612144e-01
   8.5000000e+02   8.1612153e-01
   8.5100000e+02   8.1612327e-01
   8.5200000e+02   8.1612383e-01
   8.5300000e+02   8.1612368e-01
   8.5400000e+02   8.1612447e-01
   8.5500000e+02   8.1612421e-01
   8.5600000e+02   8.1612523e-01
   8.5700000e+02   8.1612404e-01
   8.5800000e+02   8.1612331e-01
   8.5900000e+02   8.1612340e-01
   8.6000000e+02   8.1612453e-01
   8.6100000e+02   8.1612451e-01
   8.6200000e+02   8.1612483e-01
   8.6300000e+02   8.1612561e-01
   8.6400000e+02   8.1612708e-01
   8.6500000e+02   8.1612798e-01
   8.6600000e+02   8.1612783e-01
   8.6700000e+02   8.1612791e-01
   8.6800000e+02   8.1612800e-01
   8.6900000e+02   8.1612923e-01
   8.7000000e+02   8.1612874e-01
   8.7100000e+02   8.1612859e-01
   8.7200000e+02   8.1612798e-01
   8.7300000e+02   8.1612932e-01
   8.7400000e+02   8.1612895e-01
   8.7500000e+02   8.1612857e-01
   8.7600000e+02   8.1612968e-01
   8.7700000e+02   8.1613124e-01
   8.7800000e+02   8.1613269e-01
   8.7900000e+02   8.1613208e-01
   8.8000000e+02   8.1613148e-01
   8.8100000e+02   8.1613121e-01
   8.8200000e+02   8.1613005e-01
   8.8300000e+02   8.1612990e-01
   8.8400000e+02   8.1613100e-01
   8.8500000e+02   8.1613130e-01
   8.8600000e+02   8.1613093e-01
   8.8700000e+02   8.1613100e-01
   8.8800000e+02   8.1613209e-01
   8.8900000e+02   8.1613172e-01
   8.9000000e+02   8.1613169e-01
   8.9100000e+02   8.1613131e-01
   8.9200000e+02   8.1613117e-01
   8.9300000e+02   8.1613158e-01
   8.9400000e+02   8.1613177e-01
   8.9500000e+02   8.1613296e-01
   8.9600000e+02   8.1613270e-01
   8.9700000e+02   8.1613166e-01
   8.9800000e+02   8.1613163e-01
   8.9900000e+02   8.1613092e-01
   9.0000000e+02   8.1613211e-01
   9.0100000e+02   8.1613352e-01
   9.0200000e+02   8.1613426e-01
   9.0300000e+02   8.1613522e-01
   9.0400000e+02   8.1613529e-01
   9.0500000e+02   8.1613503e-01
   9.0600000e+02   8.1613664e-01
   9.0700000e+02   8.1613682e-01
   9.0800000e+02   8.1613789e-01
   9.0900000e+02   8.1613740e-01
   9.1000000e+02   8.1613780e-01
   9.1100000e+02   8.1613820e-01
   9.1200000e+02   8.1613827e-01
   9.1300000e+02   8.1613899e-01
   9.1400000e+02   8.1613862e-01
   9.1500000e+02   8.1614033e-01
   9.1600000e+02   8.1614039e-01
   9.1700000e+02   8.1614122e-01
   9.1800000e+02   8.1614063e-01
   9.1900000e+02   8.1614124e-01
   9.2000000e+02   8.1614337e-01
   9.2100000e+02   8.1614397e-01
   9.2200000e+02   8.1614425e-01
   9.2300000e+02   8.1614410e-01
   9.2400000e+02   8.1614621e-01
   9.2500000e+02   8.1614584e-01
   9.2600000e+02   8.1614492e-01
   9.2700000e+02   8.1614585e-01
   9.2800000e+02   8.1614472e-01
   9.2900000e+02   8.1614446e-01
   9.3000000e+02   8.1614430e-01
   9.3100000e+02   8.1614458e-01
   9.3200000e+02   8.1614442e-01
   9.3300000e+02   8.1614469e-01
   9.3400000e+02   8.1614486e-01
   9.3500000e+02   8.1614610e-01
   9.3600000e+02   8.1614797e-01
   9.3700000e+02   8.1614781e-01
   9.3800000e+02   8.1614893e-01
   9.3900000e+02   8.1614878e-01
   9.4000000e+02   8.1614862e-01
   9.4100000e+02   8.1614750e-01
   9.4200000e+02   8.1614703e-01
   9.4300000e+02   8.1614719e-01
   9.4400000e+02   8.1614788e-01
   9.4500000e+02   8.1614751e-01
   9.4600000e+02   8.1614736e-01
   9.4700000e+02   8.1614794e-01
   9.4800000e+02   8.1614968e-01
   9.4900000e+02   8.1614953e-01
   9.5000000e+02   8.1615011e-01
   9.5100000e+02   8.1614953e-01
   9.5200000e+02   8.1614863e-01
   9.5300000e+02   8.1614837e-01
   9.5400000e+02   8.1614811e-01
   9.5500000e+02   8.1614880e-01
   9.5600000e+02   8.1614874e-01
   9.5700000e+02   8.1614922e-01
   9.5800000e+02   8.1614916e-01
   9.5900000e+02   8.1614995e-01
   9.6000000e+02   8.1615000e-01
   9.6100000e+02   8.1615047e-01
   9.6200000e+02   8.1615083e-01
   9.6300000e+02   8.1615026e-01
   9.6400000e+02   8.1615104e-01
   9.6500000e+02   8.1615119e-01
   9.6600000e+02   8.1615248e-01
   9.6700000e+02   8.1615357e-01
   9.6800000e+02   8.1615465e-01
   9.6900000e+02   8.1615459e-01
   9.7000000e+02   8.1615371e-01
   9.7100000e+02   8.1615345e-01
   9.7200000e+02   8.1615288e-01
   9.7300000e+02   8.1615242e-01
   9.7400000e+02   8.1615339e-01
   9.7500000e+02   8.1615333e-01
   9.7600000e+02   8.1615266e-01
   9.7700000e+02   8.1615292e-01
   9.7800000e+02   8.1615112e-01
   9.7900000e+02   8.1615087e-01
   9.8000000e+02   8.1615122e-01
   9.8100000e+02   8.1615168e-01
   9.8200000e+02   8.1615204e-01
   9.8300000e+02   8.1615290e-01
   9.8400000e+02   8.1615407e-01
   9.8500000e+02   8.1615563e-01
   9.8600000e+02   8.1615487e-01
   9.8700000e+02   8.1615420e-01
   9.8800000e+02   8.1615526e-01
   9.8900000e+02   8.1615662e-01
   9.9000000e+02   8.1615566e-01
   9.9100000e+02   8.1615540e-01
   9.9200000e+02   8.1615625e-01
   9.9300000e+02   8.1615559e-01
   9.9400000e+02   8.1615563e-01
   9.9500000e+02   8.1615497e-01
   9.9600000e+02   8.1615462e-01
   9.9700000e+02   8.1615466e-01
   9.9800000e+02   8.1615591e-01
   9.9900000e+02   8.1615546e-01
   1.0000000e+03   8.1615530e-01
